#support=469
A	C	G	U
0.0	0.0	0.0042643924	0.0
0.036247335	0.0063965884	0.03837953	0.057569295
0.012793177	0.0063965884	0.86993605	0.02771855
0.8123667	0.025586354	0.057569295	0.08955224
0.46695095	0.053304903	0.025586354	0.45415777
0.0063965884	0.0063965884	0.96588486	0.01705757
0.73773986	0.010660981	0.108742006	0.0042643924
0.01705757	0.029850746	0.031982943	0.0042643924
0.0	0.014925373	0.0	0.0
